120 1
1 0
2 0
83 4
3 0
146 3
4 0
96 5
5 0
54 2
6 0
50 1
7 0
15 5
8 0
56 8
9 0
112 4
10 0
11 0
160 4
12 0
100 7
13 0
92 7
14 0
77 6
15 0
8 5
16 0
173 8
17 0
60 7
18 0
19 0
192 8
20 0
53 5
21 0
102 2
22 0
35 5
23 0
38 9
24 0
149 8
25 0
23 9
26 0
22 9
27 0
36 9
28 0
45 8
29 0
153 10
30 0
137 1
31 0
73 9
32 0
116 8
33 0
85 3
34 0
46 8
35 0
151 9
36 0
151 1
37 0
113 9
38 0
132 9
39 0
16 6
40 0
17 1
41 0
186 7
42 0
127 2
43 0
167 3
44 0
65 6
45 0
98 8
46 0
174 8
47 0
195 7
48 0
149 7
49 0
171 7
50 0
184 6
51 0
109 1
52 0
76 2
53 0
52 5
54 0
6 2
55 0
150 2
56 0
49 5
57 0
157 5
58 0
166 4
59 0
101 10
60 0
97 1
61 0
24 2
62 0
191 2
63 0
63 8
64 0
145 8
65 0
108 6
66 0
30 4
67 0
58 1
68 0
136 4
69 0
168 4
70 0
58 1
71 0
3 1
72 0
3 3
73 0
122 1
74 0
72 1
75 0
18 1
76 0
78 1
77 0
128 8
78 0
134 9
79 0
183 1
80 0
193 4
81 0
163 10
82 0
9 10
83 0
82 8
84 0
159 8
85 0
155 5
86 0
174 6
87 0
33 2
88 0
122 2
89 0
41 1
90 0
10 1
91 0
110 3
92 0
169 3
93 0
142 10
94 0
62 1
95 0
197 3
96 0
147 7
97 0
194 8
98 0
40 8
99 0
158 8
100 0
120 8
101 0
127 4
102 0
26 4
103 0
41 7
104 0
103 1
105 0
88 7
106 0
133 7
107 0
5 2
108 0
21 6
109 0
103 6
110 0
7 1
111 0
189 5
112 0
7 10
113 0
61 1
114 0
114 1
115 0
61 7
116 0
190 1
117 0
123 1
118 0
190 9
119 0
144 1
120 0
43 1
121 0
34 3
122 0
106 3
123 0
68 3
124 0
144 8
125 0
69 1
126 0
75 1
127 0
152 4
128 0
22 10
129 0
69 6
130 0
105 1
131 0
139 7
132 0
115 9
133 0
141 1
134 0
105 1
135 0
148 1
136 0
129 1
137 0
148 1
138 0
175 1
139 0
178 1
140 0
175 7
141 0
32 1
142 0
32 5
143 0
51 1
144 0
51 10
145 0
118 1
146 0
66 1
147 0
118 1
148 0
162 1
149 0
182 7
150 0
99 2
151 0
42 10
152 0
59 4
153 0
162 4
154 0
20 1
155 0
131 1
156 0
140 4
157 0
90 4
158 0
20 8
159 0
95 1
160 0
95 1
161 0
180 1
162 0
179 4
163 0
81 10
164 0
94 10
165 0
180 3
166 0
177 1
167 0
177 10
168 0
160 1
169 0
39 1
170 0
160 1
171 0
121 1
172 0
121 3
173 0
185 1
174 0
181 1
175 0
185 7
176 0
170 1
177 0
1 1
178 0
74 1
179 0
156 4
180 0
117 3
181 0
199 10
182 0
124 7
183 0
165 7
184 0
12 3
185 0
126 3
186 0
170 6
187 0
170 1
188 0
93 1
189 0
14 5
190 0
87 5
191 0
57 1
192 0
198 7
193 0
142 4
194 0
149 1
195 0
25 7
196 0
149 9
197 0
29 1
198 0
86 9
199 0
29 10
200 0
