143 0
1 0
158 1
2 0
167 2
3 0
66 3
4 0
58 4
5 0
76 5
6 0
67 6
7 0
199 7
8 0
9 0
22 8
10 0
26 9
11 0
108 7
12 0
119 3
13 0
36 5
14 0
84 1
15 0
96 8
16 0
40 6
17 0
99 3
18 0
72 7
19 0
125 4
20 0
83 0
21 0
102 8
22 0
179 2
23 0
187 4
24 0
11 6
25 0
165 9
26 0
61 4
27 0
70 5
28 0
46 9
29 0
77 0
30 0
119 1
31 0
4 2
32 0
77 3
33 0
75 6
34 0
63 8
35 0
34 6
36 0
160 7
37 0
107 6
38 0
57 0
39 0
192 8
40 0
18 1
41 0
56 4
42 0
145 3
43 0
57 1
44 0
1 2
45 0
86 5
46 0
73 7
47 0
31 3
48 0
124 9
49 0
35 7
50 0
154 6
51 0
169 0
52 0
47 6
53 0
59 5
54 0
184 1
55 0
125 6
56 0
98 2
57 0
95 4
58 0
14 9
59 0
171 3
60 0
188 4
61 0
38 7
62 0
70 5
63 0
88 9
64 0
82 8
65 0
180 2
66 0
51 0
67 0
60 1
68 0
42 5
69 0
114 4
70 0
169 5
71 0
48 6
72 0
37 7
73 0
64 5
74 0
110 6
75 0
89 3
76 0
39 4
77 0
132 5
78 0
197 9
79 0
69 2
80 0
106 2
81 0
92 4
82 0
140 5
83 0
167 6
84 0
191 8
85 0
130 5
86 0
166 7
87 0
115 6
88 0
142 4
89 0
170 0
90 0
139 1
91 0
84 2
92 0
137 7
93 0
30 8
94 0
170 1
95 0
117 4
96 0
173 9
97 0
162 3
98 0
74 2
99 0
157 7
100 0
55 2
101 0
170 3
102 0
87 3
103 0
200 6
104 0
190 0
105 0
97 3
106 0
103 3
107 0
13 7
108 0
43 0
109 0
43 5
110 0
155 3
111 0
49 9
112 0
151 7
113 0
150 8
114 0
174 1
115 0
43 2
116 0
62 2
117 0
43 9
118 0
7 1
119 0
126 9
120 0
100 4
121 0
54 9
122 0
28 1
123 0
36 3
124 0
17 8
125 0
199 2
126 0
183 4
127 0
164 0
128 0
45 5
129 0
21 6
130 0
78 3
131 0
146 5
132 0
111 9
133 0
178 8
134 0
156 7
135 0
90 5
136 0
41 2
137 0
24 6
138 0
129 8
139 0
78 0
140 0
168 1
141 0
112 0
142 0
12 2
143 0
148 3
144 0
50 7
145 0
16 3
146 0
127 8
147 0
177 2
148 0
176 7
149 0
93 9
150 0
158 5
151 0
126 6
152 0
159 1
153 0
109 8
154 0
52 5
155 0
101 3
156 0
120 0
157 0
85 2
158 0
94 6
159 0
104 7
160 0
147 0
161 0
120 5
162 0
65 8
163 0
120 1
164 0
120 0
165 0
134 1
166 0
20 0
167 0
161 3
168 0
68 5
169 0
73 2
170 0
27 4
171 0
189 6
172 0
175 5
173 0
73 1
174 0
144 9
175 0
153 1
176 0
143 7
177 0
196 8
178 0
73 3
179 0
19 3
180 0
73 5
181 0
73 9
182 0
149 5
183 0
5 9
184 0
73 6
185 0
3 7
186 0
6 6
187 0
53 3
188 0
73 1
189 0
62 0
190 0
163 1
191 0
128 9
192 0
141 2
193 0
82 9
194 0
186 2
195 0
79 4
196 0
172 8
197 0
82 2
198 0
138 9
199 0
113 3
200 0
