37 7
195 6
125 6
37 3
102 2
37 8
101 10
73 7
60 7
19 7
102 9
37 10
49 1
57 4
48 6
37 3
37 9
101 8
19 0
57 7
173 3
22 0
27 4
17 10
161 8
37 5
27 0
48 1
32 7
41 1
32 4
32 0
173 1
57 2
37 8
60 6
37 0
73 10
142 8
143 6
192 6
187 8
94 1
187 9
2 9
2 5
165 2
2 10
20 1
11 9
2 3
141 10
192 1
134 9
142 2
161 3
101 3
101 7
142 1
101 2
143 10
79 10
142 10
101 8
101 2
101 6
142 8
142 7
148 4
142 6
129 4
79 5
134 2
161 10
129 10
192 9
192 6
20 10
79 0
137 4
11 6
31 2
31 6
20 9
138 9
134 1
137 1
136 7
148 2
69 6
129 7
2 2
126 9
69 8
130 2
126 6
161 8
126 4
126 2
138 10
129 5
184 9
136 1
129 9
138 8
138 7
116 4
136 4
137 10
155 6
33 1
155 10
88 7
155 3
155 5
31 5
129 2
86 9
137 4
88 9
33 3
129 1
11 2
11 1
88 6
126 0
11 7
31 7
129 0
130 0
33 6
86 7
199 9
134 0
155 8
182 5
137 0
94 7
150 10
150 1
199 2
136 2
143 0
136 1
116 5
136 4
141 2
73 7
17 4
150 0
17 9
173 6
116 1
116 5
155 0
73 3
94 8
173 7
159 0
85 9
94 3
85 3
173 1
85 8
86 2
136 3
86 6
141 5
34 2
173 8
86 9
173 1
173 0
141 9
41 5
136 10
31 2
48 5
94 1
73 10
94 3
141 4
86 1
48 1
73 2
136 7
94 6
141 7
48 6
86 3
122 5
51 6
73 8
122 4
31 5
141 10
31 3
31 7
41 2
86 9
